lam: 0.00031125036498203445
gamma: 0.000152943730405528
tau: 0.004642755802877007
embeddings_dim: 90
scale: 0.47893199201972436
Best Test RMSE: 0.853620095792125
