lam: 0.19516789886897798
gamma: 0.2598839921367706
tau: 2.95428675352858
embeddings_dim: 27
scale: 0.6737557519994634
Best Test RMSE: 0.8530160249684084
