lam: 0.2967578122000694
gamma: 0.21104871252319177
tau: 7.536619368542641
embeddings_dim: 20
scale: 0.4123235301422883
Best Test RMSE: 0.7733958234618036
